1079342.0
1079342.0
1079342.0
1076216.0
579336.0
579087.0
579087.0
579087.0
579087.0
80486.0
80486.0
79855.0
79348.0
79348.0
79348.0
79348.0
79348.0
79348.0
79348.0
77003.0
77003.0
77003.0
77003.0
77003.0
77003.0
77003.0
77003.0
77003.0
77003.0
77003.0
77003.0
77003.0
77003.0
77003.0
77003.0
77003.0
76804.0
76804.0
76804.0
76804.0
76804.0
76804.0
76804.0
76804.0
76804.0
76804.0
76804.0
76804.0
76804.0
76804.0
76804.0
76804.0
76804.0
76804.0
76804.0
76804.0
76804.0
76322.0
76322.0
76322.0
76322.0
76322.0
76322.0
76322.0
76322.0
76322.0
76322.0
76322.0
76322.0
76322.0
76322.0
76322.0
76212.0
76212.0
76212.0
76212.0
76212.0
76212.0
76069.0
76069.0
76069.0
76069.0
76069.0
76069.0
76069.0
76069.0
76069.0
76069.0
76069.0
76069.0
75444.0
75444.0
75444.0
75444.0
75444.0
75444.0
75444.0
75444.0
75444.0
75185.0
75185.0
75074.0
75074.0
75074.0
75074.0
75074.0
75074.0
75074.0
75074.0
75074.0
75074.0
75074.0
75074.0
75074.0
75074.0
75074.0
75074.0
75074.0
75074.0
75074.0
75074.0
75074.0
75074.0
75074.0
75074.0
75074.0
75074.0
75074.0
75074.0
75074.0
75074.0
75074.0
75074.0
75074.0
75074.0
75074.0
75074.0
75074.0
75074.0
75074.0
75074.0
75074.0
75074.0
75074.0
75074.0
75074.0
75074.0
75074.0
75074.0
75074.0
75074.0
75074.0
75074.0
75074.0
75074.0
75074.0
75074.0
75074.0
75074.0
75074.0
75074.0
75074.0
75074.0
75074.0
75074.0
75074.0
75074.0
